2.2551996768761486
-7.402424836000682
5.279082490223116
0.16447542681797392
-2.027938790508192
0.8440577834406086
-2.8173787518457543
-3.7098329678702613
-0.7929677777888714
3.362651578282546
5.532700899201159
-4.148981558704413
4.672879044738092
1.201958203933145
6.0904152778053895
-4.442078336203671
1.3199861805643198
1.0591296944876836
-3.5369090097302887
-8.79042654141747
-3.095335776325673
7.6543716789410405
-2.9509851985361113
5.585001493773567
10.840459535512132
-7.165152665130531
-6.387025783295665
-1.8891403328726155
2.829992412197685
0.6212747400101652
-4.586445693216689
1.0275487294946306
2.6335118836327003
-1.6265525523010724
3.0359313236759005
-0.7878965067058131
-6.955309064994707
-4.72969320875308
-7.975737263211441
-8.152066479708026
